AC voltage: 100.00mV
time	bias	frequency	Z	Z'	Z''	phi	Cp	Rp	D
1.170556E+0	0.000000E+0	1.000000E+3	8.634940E+6	-8.616575E+5	-8.591841E+6	-9.572692E+1	1.833951E-11	-8.653344E+7	-1.002879E-1
2.253433E+0	0.000000E+0	1.000000E+3	8.244930E+6	-5.582793E+5	-8.226007E+6	-9.388257E+1	1.925907E-11	-1.217650E+8	-6.786759E-2
3.331555E+0	0.000000E+0	1.000000E+3	7.818540E+6	-4.322517E+5	-7.806582E+6	-9.316924E+1	2.032496E-11	-1.414212E+8	-5.537015E-2
4.408649E+0	0.000000E+0	1.000000E+3	8.086030E+6	9.222990E+4	-8.085504E+6	-8.934647E+1	1.968142E-11	7.089228E+8	1.140682E-2
5.500008E+0	0.000000E+0	1.000000E+3	8.494210E+6	-1.838316E+5	-8.492221E+6	-9.124009E+1	1.873249E-11	-3.924876E+8	-2.164705E-2
6.575498E+0	0.000000E+0	1.000000E+3	7.528220E+6	-9.954782E+4	-7.527562E+6	-9.075766E+1	2.113926E-11	-5.693153E+8	-1.322444E-2
7.654380E+0	0.000000E+0	1.000000E+3	7.755120E+6	-4.855689E+5	-7.739904E+6	-9.358979E+1	2.048230E-11	-1.238586E+8	-6.273578E-2
8.731211E+0	0.000000E+0	1.000000E+3	8.347300E+6	-6.178331E+5	-8.324404E+6	-9.424468E+1	1.901434E-11	-1.127771E+8	-7.421950E-2
9.809104E+0	0.000000E+0	1.000000E+3	8.091330E+6	-3.647441E+5	-8.083105E+6	-9.258368E+1	1.964982E-11	-1.794946E+8	-4.512426E-2
1.088872E+1	0.000000E+0	1.000000E+3	7.890210E+6	-2.023907E+5	-7.887614E+6	-9.146985E+1	2.016456E-11	-3.076002E+8	-2.565930E-2
1.196350E+1	0.000000E+0	1.000000E+3	7.996880E+6	-2.231134E+5	-7.993767E+6	-9.159876E+1	1.989438E-11	-2.866260E+8	-2.791092E-2
1.304333E+1	0.000000E+0	1.000000E+3	8.636190E+6	-2.227344E+5	-8.633317E+6	-9.147787E+1	1.842271E-11	-3.348553E+8	-2.579940E-2
1.412133E+1	0.000000E+0	1.000000E+3	8.901400E+6	-3.083155E+5	-8.896059E+6	-9.198494E+1	1.786904E-11	-2.569930E+8	-3.465754E-2
1.519984E+1	0.000000E+0	1.000000E+3	7.970940E+6	-9.472182E+4	-7.970377E+6	-9.068088E+1	1.996549E-11	-6.707629E+8	-1.188423E-2
1.635207E+1	0.000000E+0	1.000000E+3	8.488710E+6	-8.634499E+5	-8.444682E+6	-9.583808E+1	1.865177E-11	-8.345382E+7	-1.022478E-1
1.747481E+1	0.000000E+0	1.000000E+3	8.361080E+6	1.979412E+5	-8.358737E+6	-8.864345E+1	1.902988E-11	3.531739E+8	2.368075E-2
1.859895E+1	0.000000E+0	1.000000E+3	7.989620E+6	-1.905637E+5	-7.987347E+6	-9.136671E+1	1.991455E-11	-3.349747E+8	-2.385820E-2
1.969798E+1	0.000000E+0	1.000000E+3	8.505770E+6	-7.567234E+5	-8.472042E+6	-9.510412E+1	1.863721E-11	-9.560709E+7	-8.932008E-2
2.083280E+1	0.000000E+0	1.000000E+3	8.179740E+6	1.421267E+5	-8.178505E+6	-8.900441E+1	1.945428E-11	4.707641E+8	1.737808E-2
2.194205E+1	0.000000E+0	1.000000E+3	8.598640E+6	-7.320923E+5	-8.567418E+6	-9.488410E+1	1.844211E-11	-1.009936E+8	-8.545075E-2
2.301965E+1	0.000000E+0	1.000000E+3	8.110920E+6	-7.459090E+5	-8.076549E+6	-9.527658E+1	1.953915E-11	-8.819712E+7	-9.235492E-2
2.409977E+1	0.000000E+0	1.000000E+3	8.529120E+6	-1.257460E+5	-8.528193E+6	-9.084475E+1	1.865816E-11	-5.785145E+8	-1.474474E-2
2.517726E+1	0.000000E+0	1.000000E+3	8.332560E+6	-7.591559E+5	-8.297906E+6	-9.522730E+1	1.902093E-11	-9.145889E+7	-9.148765E-2
2.625563E+1	0.000000E+0	1.000000E+3	8.008520E+6	-1.331249E+5	-8.007413E+6	-9.095247E+1	1.987046E-11	-4.817761E+8	-1.662520E-2
2.733325E+1	0.000000E+0	1.000000E+3	7.972860E+6	-1.865772E+5	-7.970677E+6	-9.134093E+1	1.995662E-11	-3.406981E+8	-2.340795E-2
2.841075E+1	0.000000E+0	1.000000E+3	7.977640E+6	-2.260853E+5	-7.974436E+6	-9.162397E+1	1.994212E-11	-2.814987E+8	-2.835127E-2
2.948674E+1	0.000000E+0	1.000000E+3	8.742020E+6	-3.114444E+5	-8.736470E+6	-9.204166E+1	1.819418E-11	-2.453822E+8	-3.564876E-2
3.056847E+1	0.000000E+0	1.000000E+3	7.931320E+6	-2.152587E+5	-7.928398E+6	-9.155522E+1	2.005925E-11	-2.922336E+8	-2.715034E-2
3.164534E+1	0.000000E+0	1.000000E+3	8.243840E+6	-4.396305E+5	-8.232109E+6	-9.305694E+1	1.927845E-11	-1.545864E+8	-5.340436E-2
3.272234E+1	0.000000E+0	1.000000E+3	8.224540E+6	-5.535342E+5	-8.205892E+6	-9.385908E+1	1.930735E-11	-1.222021E+8	-6.745571E-2
3.380071E+1	0.000000E+0	1.000000E+3	8.433960E+6	-5.791566E+5	-8.414051E+6	-9.393758E+1	1.882618E-11	-1.228194E+8	-6.883207E-2
3.487895E+1	0.000000E+0	1.000000E+3	8.017160E+6	-6.200148E+4	-8.016920E+6	-9.044311E+1	1.985119E-11	-1.036666E+9	-7.733827E-3
3.600469E+1	0.000000E+0	1.000000E+3	7.903500E+6	1.664734E+4	-7.903482E+6	-8.987932E+1	2.013723E-11	3.752270E+9	2.106330E-3
3.708944E+1	0.000000E+0	1.000000E+3	7.727350E+6	-3.472558E+5	-7.719543E+6	-9.257566E+1	2.057551E-11	-1.719538E+8	-4.498398E-2
3.816405E+1	0.000000E+0	1.000000E+3	8.276690E+6	-1.799081E+4	-8.276670E+6	-9.012454E+1	1.922925E-11	-3.807700E+9	-2.173677E-3
3.924475E+1	0.000000E+0	1.000000E+3	7.770760E+6	5.576503E+4	-7.770560E+6	-8.958883E+1	2.048073E-11	1.082842E+9	7.176450E-3
4.032094E+1	0.000000E+0	1.000000E+3	8.246060E+6	-4.512765E+5	-8.233702E+6	-9.313715E+1	1.927180E-11	-1.506781E+8	-5.480846E-2
4.139859E+1	0.000000E+0	1.000000E+3	7.650940E+6	-3.336563E+5	-7.643661E+6	-9.249945E+1	2.078222E-11	-1.754407E+8	-4.365137E-2
